7.53785924,134.0146737
7.80025784,133.66204461
7.46867379,133.86004687
7.67341924,133.62384041
7.4728212,133.75199203
7.7892516,133.90838806
7.47256331,133.68738016
7.62759374,133.98144213
7.55776234,134.21568448
7.75065067,133.94552367
7.74514135,133.95534516
7.77583466,134.16233893
7.71612725,133.7159257
7.70903491,133.84031821
7.55611365,133.83063963
7.7124535,133.79981874
7.74896146,133.77616483
7.58790427,133.78329322
7.63135713,133.96250502
7.46524105,133.95681427
7.64062334,134.15384356
7.76610383,133.85282627
7.64815807,134.0138314
7.54698712,133.95304277
7.58942434,133.96708347
7.53408892,134.0776772
7.75087655,133.9067272
7.70359942,134.1551923
7.51173966,133.84653943
7.51121924,134.2083068
7.54475954,133.67046996
7.58020403,134.00551717
7.60347402,134.1033292
7.76454739,133.73235648
7.76508224,134.07051568
7.68492159,133.71783948
7.48047176,134.08405738
7.52083846,134.13529171
7.47852936,133.78263508
7.64601893,133.62186919
7.49105523,133.78066064
7.72755511,134.1061527
7.68338735,133.67003532
7.49663867,133.98375971
7.57467242,133.97066219
7.75508557,134.11376877
7.73198488,134.01150722
7.59290547,133.62427605
7.49898596,134.15663373
7.79230952,134.21111677
7.74334113,133.76886188
7.68229383,134.13535231
7.76383575,134.20885508
7.78479805,133.80862547
7.79161786,134.01802043
7.76996952,134.15738251
7.62475346,133.6160473
7.58070797,134.23807946
7.67139812,133.64447029
7.51651285,134.01059006
7.6772253,133.94727139
7.57097213,133.88751727
7.76382633,134.08676607
7.61063811,133.74508212
7.5801167,134.11905062
7.6739481,134.11716055
7.54298396,133.8718133
7.58660739,134.00538192
7.74655807,134.02916599
7.78580105,134.097095
7.4915616,133.61124957
7.70382438,133.69175971
7.71940856,134.14501833
7.60368512,133.66656252
7.49463444,134.14284026
7.67717292,133.95473062
7.51405978,133.79301372
7.66229647,133.63476796
7.64498029,134.21270329
7.56680083,134.01757404
7.69593617,134.13374684
7.51031448,133.81468355
7.57851708,134.13542201
7.79683701,133.91247504
7.71380449,133.95081504
7.77130163,133.95149387
7.63240143,134.19667302
7.77284828,133.60259501
7.58572097,133.94562856
7.49219014,134.18345295
7.5883055,133.6948417
7.59298573,134.15308121
7.48486738,133.74442815
7.57238846,133.64195481
7.7926359,134.00782734
7.68005332,133.90332527
7.8022486,133.80888559
7.73181873,133.6144299
7.79349269,134.0215003
7.66759224,133.93929022
7.7834078,133.96547388
7.72948434,133.78473536
7.64898358,134.05663867
7.51357256,133.6654086
7.55793802,133.69248686
7.54494408,133.97018061
7.57512361,133.838544
7.47926413,133.80508994
7.50936186,133.71452092
7.59461319,133.83361325
7.55542062,133.79442438
7.75513302,133.64869113
7.60738866,134.19234476
7.57267744,134.1702584
7.5253081,134.14536734
7.6128686,133.84428439
7.66665328,134.12745708
7.49978263,133.78832047
7.66748808,133.95898167
7.68799848,134.06779531
7.47896999,134.00402818
7.49641747,133.75181401
7.66185792,134.17350285
7.68156117,133.79938299
7.65130782,134.00736297
7.71440724,133.59990067
7.77442369,133.85782622
7.62686558,133.7163534
7.63925505,134.19568863
7.69819894,134.11796862
7.60478669,133.77008625
7.47539668,133.60907881
7.55350592,133.90830234
7.6760909,133.91788458
7.57779971,133.76455347
7.79286014,133.98157417
7.53488026,134.03649462
7.62525647,133.67031845
7.51270688,133.86820844
7.59630471,134.08823026
7.48943448,133.67687708
7.73685236,133.81099082
7.62714459,133.72166201
7.65425384,133.65195965
7.54682777,133.72040856
7.66979295,134.13646499
7.7381745,134.23252452
7.78643979,134.14222467
7.7643841,133.60164853
7.67043676,134.04430564
7.65013167,133.63747853
7.49792565,134.04769803
7.47690826,133.60284432
7.51215473,133.81230547
7.71819226,133.94741791
7.47683641,134.05345957
7.73059039,133.78071178
7.67404284,133.85682216
7.79549121,133.80364094
7.72329469,134.21875176
7.65545262,133.74817852
7.79878003,133.75915711
7.60382383,134.06240322
7.76071785,133.88104742
7.65816442,134.02865833
7.71982576,133.98245659
7.54455228,134.22241816
7.58140505,133.63318853
7.80458132,133.77380349
7.53446222,133.87500043
7.64233671,134.07523855
7.76693643,134.14477664
7.50646125,133.85161845
7.64688413,133.87181017
7.73913039,133.88730753
7.60878257,133.74019203
7.5325019,133.9982576
7.64261966,133.78563212
7.79519251,134.09585825
7.5763625,133.7294145
7.67101777,133.7251496
7.74742611,133.74411994
7.49309032,133.99486862
7.51222554,133.91646272
7.74537412,133.94978743
7.79303979,133.88506198
7.60432094,133.97483868
7.66055861,133.62294396
7.78877434,134.17340158
7.70179553,133.69351058
7.69527405,134.01660887
7.65368107,134.1000163
7.55529409,134.04083672
7.54284695,134.04538367
7.59787038,134.22095463
7.69103773,133.73505354
7.58419032,133.74642298
7.77696974,133.76615601
7.66120863,134.21133134
7.59108553,133.80112462
7.65809703,134.11380577
7.73147222,134.11655552
7.76824626,133.93975659
7.48828112,134.00899979
7.54581548,134.19297752
7.78582782,134.14652414
7.66151446,133.68271196
7.51278539,134.10161533
7.75285659,133.91014778
7.53059471,133.75144608
7.57875076,133.94093255
7.47743854,133.70137066
7.5718902,133.72040445
7.74217888,133.85523157
7.52469238,133.65096005
7.55813161,134.14184306
7.7252443,133.93960576
7.74486337,134.21811739
7.70801467,134.21948019
7.56225604,133.80784212
7.65542216,133.70068716
7.70967892,134.18115622
7.55333901,133.6386384
7.76733202,133.86653486
7.582971,134.05779384
7.66882684,133.97995098
7.55364958,134.22611191
7.70930813,133.99725899
7.75623079,133.722622
7.64727653,133.6812865
7.77922228,133.65279548
7.49085048,133.94218537
7.58980633,133.73840288
7.75431437,133.64830553
7.54215207,134.16731091
7.76712124,133.62070374
7.52976157,133.78305889
7.75326947,134.23691751
7.50405785,134.02551693
7.62531277,134.02454321
7.54469991,133.67742885
7.67348786,133.78693958
7.67189144,133.65223289
7.57445742,133.85583375
7.55217626,134.11119862
7.7745614,133.64674394
7.47894218,133.92421397
7.77541092,133.72485867
7.79632279,134.06849934
7.62616471,134.23088501
7.56302548,133.90198275
7.68462454,134.0110939
7.69734945,133.74311998
7.75733104,133.67773234
7.62054494,133.92439215
7.56946667,133.88717772
7.64390299,133.8888088
7.6576168,133.72139544
7.65393987,134.03107007
7.66096964,133.98127481
7.4784835,134.07765746
7.75395002,133.74728625
7.4977515,133.86737038
7.55195628,133.67248253
7.6351346,133.96478611
7.72757257,133.97041465
7.53385951,134.07908341
7.79218698,134.15352074
7.78746126,133.79050086
7.72247572,133.8781431
7.75349288,133.95521307
7.64163852,134.03605697
7.55332162,133.73671852
7.75952036,133.64508211
7.50088252,133.82718362
7.6864292,134.1726234
7.47766461,134.06867224
7.67053585,134.15077486
7.49075327,133.79101032
7.60442833,133.76356872
7.55121377,133.65253077
7.66790927,133.64096103
7.59891353,134.0076655
7.57003731,134.22561161
7.57663758,134.21175113
7.62687085,134.01937521
7.5705291,133.81293063
7.77881616,134.18118411
7.69437972,134.05065762
7.56346421,134.14406422
7.78206423,133.90175522
7.52357506,133.63331895
7.77022506,134.09016505
7.70405442,133.96989962
7.56657892,133.98477344
7.7284847,133.74187431
7.51627926,134.02616819
7.78255723,134.14182272
7.77150784,134.16728966
7.58244174,133.90203717
7.60322276,134.15351399
7.7341445,134.08134305
7.75123695,133.77210689
7.52900629,134.01484288
7.76187435,134.12464056
7.58275614,133.7449039
7.69665347,133.61121489
7.69722326,133.79053606
7.64488801,133.76743309
7.4905121,133.63144749
7.52581836,133.98077581
7.61458739,133.61360012
7.57842716,134.05087216
7.63135751,133.83648999
7.51721887,133.78093524
7.57396045,133.87535594
7.47042391,133.94522377
7.67182164,133.81113111
7.79113839,134.23728026
7.58613446,133.98598993
7.76955827,133.80511263
7.7145091,133.66843321
7.68984034,134.0954579
7.51487274,133.96179352
7.7916058,133.85845576
7.64444207,134.09994983
7.74042761,133.64433372
7.56475286,133.73341658
7.65877304,134.1241782
7.55970575,133.7385532
7.57876537,133.68707206
7.6499334,133.76057637
7.50917525,133.78733126
7.56044468,133.98047989
7.50057118,133.75873965
7.7192308,133.81698667
7.4941324,134.20949227
7.67075125,133.73366687
7.80112189,133.96211152
7.57504495,133.95107679
7.66329546,133.99022407
7.4945342,134.01511136
7.49242966,133.67757775
7.68892555,133.65598698
7.5920178,133.9840287
7.58225295,133.87728514
7.73258203,133.61460822
7.65785451,133.75392912
7.7312467,134.19049328
7.66107609,133.77451833
7.70433789,133.94755998
7.58606023,134.11022452
7.69437188,134.10853247
7.7984638,134.03810767
7.78353189,133.7566859
7.57339316,133.87918397
7.56294166,134.23894055
7.68094829,133.95676823
7.68311529,133.6708937
7.54904855,133.70664234
7.74326505,133.79332175
7.69721359,134.21623746
7.67307259,134.02996954
7.50353567,133.90847852
7.49291928,134.10917938
7.72462051,134.05082057
7.68416623,133.63629986
7.57937613,133.9506112
7.66804037,134.19239856
7.57260216,134.17239862
7.57516496,133.91533844
7.51738254,134.04199521
7.56363829,134.17153381
7.80967107,133.89411741
7.56529293,134.20483929
7.79014021,133.60061286
7.54928819,133.7136632
7.48945654,133.75312261
7.67124497,133.86977979
7.46961949,133.92632751
7.70714469,133.93671031
7.79696243,134.21447996
7.58613553,133.69600083
7.75821558,133.73221608
7.69313298,134.08715812
7.61860638,134.12173487
7.78827279,133.95895868
7.76834859,134.14172422
7.75010566,134.00108856
7.61556566,134.21474705
7.79188894,133.69997582
7.77368372,134.05836011
7.52607196,134.15493082
7.52113669,133.76527348
7.56028315,133.66477615
7.75790129,134.0686266
7.5363506,133.76561352
7.686029,134.17283066
7.59086798,133.62748307
7.71565064,134.22597166
7.7065204,134.08236592
7.52017609,134.09033879
7.71384585,133.99050135
7.52258739,134.0551528
7.49583661,133.65571346
7.47182155,133.88526006
7.59443231,133.8295297
7.67487303,134.04258155
7.6401109,134.0767717
7.72357114,133.62567642
7.62840211,134.06301433
7.63587414,134.05937432
7.70552294,133.74724522
7.55953561,133.7607082
7.58159111,133.90923916
7.753161,133.968132
7.75699784,133.81384409
7.75316136,134.22580916
7.47239576,134.02709411
7.76486843,134.00968257
7.60386463,134.14706848
7.7058725,133.61812858
7.7122226,133.97471306
7.68032795,133.76214486
7.54226625,134.07143432
7.73923312,133.93429194
7.56997379,133.60739429
7.48810301,133.85466151
7.68858254,133.67173473
7.56986264,134.12875856
7.68394061,133.88720057
7.56129744,133.80803076
7.7576449,133.97166929
7.51033934,134.11592507
7.55709715,133.75867661
7.74194603,134.22170125
7.78225319,133.80775826
7.58644833,133.79629922
7.74548011,133.81560886
7.74847663,133.60307028
7.6859707,133.60311439
7.4752926,134.17687407
7.60976542,133.81622276
7.64723396,134.11148604
7.76310275,134.23210509
7.71739157,134.14401649
7.74013981,134.14730368
7.74942015,134.22134436
7.57738644,134.20122862
7.62849405,134.06122712
7.64630232,133.67488298
7.7629463,134.21762315
7.72829709,133.63758856
7.7733825,133.72779546
7.5470604,134.10205231
7.68158141,134.03511193
7.78539835,134.16616151
7.74906027,134.19896188
7.66117225,134.07001559
7.62380415,133.73818088
7.74302858,134.11235219
7.5645017,133.76511693
7.70598005,133.67304105
7.4647274,133.9863848
7.62243482,133.90924018
7.63635825,133.86129448
7.57541166,134.1507875
7.80595669,133.91610555
7.68223521,134.08624609
7.80598384,134.17867837
7.71949117,133.99163358
7.76926899,134.12799735
7.61499449,134.11012867
7.66868315,133.65167285
7.58842089,133.72454039
7.53519084,133.70727203
7.69262603,133.68487179
7.51808475,134.03552841
7.52367865,134.158157
7.53036968,134.12511354
7.7139417,134.07617634
7.68658195,134.08962825
7.47228074,134.05628263
7.66286132,133.90744881
7.70544083,134.18115412
7.77423665,133.95730067
7.67326315,134.21008209
7.71269566,133.6470639
7.58255292,133.84555067
7.76646013,133.73917045
7.47346781,134.18426778
7.73314383,133.65280627
7.60263994,134.14818297
7.57796588,134.15966648
7.77337816,134.05031386
7.60750525,133.59807592
7.70184243,133.91140883
7.48654193,134.03403334
7.7730386,133.62776801
7.70657452,133.7151748
7.48989564,133.63744261
7.5946482,133.60648198
7.48439071,133.9248686
7.80083033,134.10936046
7.78766816,134.12751963
7.70324935,134.18781033
7.75129897,134.01608581
7.76750737,134.02426504
7.5334416,133.6134896
7.70566706,134.23497481
7.68325503,133.62509579
7.64278104,133.70695003
7.75855444,134.01348164
7.72767597,134.2081016
7.79421011,133.63950445
7.74480979,133.9544258
7.69648982,134.082623
7.72306089,133.9431929
7.70093532,133.89677827
7.69605527,134.20907904
7.54966686,134.17626043
7.55870592,133.64020317
7.65447878,134.07742752
7.64742752,134.15408794
7.55388917,133.76590073
7.70674989,133.81943676
7.61094348,133.65683531
7.70801225,133.68064093
7.65505318,133.78722348
7.55103158,133.96960711
7.48806532,133.61383831
7.69569209,133.81378556
7.74922382,133.90713653
7.6201531,134.216014
7.71392909,133.66011549
7.49359575,134.0030475
7.47064677,133.76283573
7.59876297,133.94947137
7.64765696,133.891809
7.79534162,133.99154526
7.68686451,133.84258942
7.52932688,134.14293909
7.76510821,133.8873863
7.66683877,133.91177884
7.50571138,133.98583016
7.69830978,134.11100391
7.64072118,133.97095554
7.75160719,133.86422899
7.68505361,134.21331198
7.59574251,134.15937737
7.57210808,134.03785241
7.48822762,134.21038631
7.7653776,134.03977345
7.78273208,133.72540344
7.77475105,133.81390775
7.79438964,133.84421825
7.72448897,133.92975812
7.71162493,133.83503696
7.560615,133.78679153
7.78597683,134.23801551
7.70254639,134.19237207
7.51407058,134.17610449
7.71813286,133.95088889
7.59728401,134.11348274
7.65499596,134.19513821
7.70147834,134.11943078
7.75599959,134.1350016
7.76951645,134.01161932
7.65787869,133.79633078
7.70763316,133.96781465
7.56846665,134.08902708
7.48431071,133.60515195
7.69094352,133.7152863
7.70885152,134.18408252
7.707203,133.75602754
7.69386098,133.76400949
7.65743286,133.84219955
7.56177358,133.60200413
7.68515943,134.03462046
7.61019926,133.7730163
7.56699889,134.21752211
7.64792618,134.09463065
7.54667255,134.09343336
7.64239512,134.20845459
7.55816646,133.63071552
7.80763754,133.64833239
7.77415891,133.95429969
7.6590148,134.17738269
7.73376356,133.79569004
7.66030999,133.67665928
7.52569496,133.74706748
7.61139172,134.0517777
7.53451778,133.72959615
7.49942492,134.13060733
7.67825712,133.91536541
7.46647035,134.08144479
7.63271635,133.62212152
7.722095,133.91705664
7.5987767,133.96738096
7.56655852,134.00608813
7.66052222,133.91676859
7.78551512,134.06450655
7.71537573,133.96466767
7.47739632,133.96440243
7.69205922,134.0231714
7.78340225,133.63672309
7.52283578,133.69452335
7.61282185,133.78441336
7.7198797,133.65024571
7.65901803,134.22523142
7.65883072,133.96368837
7.74981493,134.23615472
7.6246105,134.04493028
7.69800797,133.69666696
7.53209131,133.90273702
7.49829403,134.19376045
7.74692107,133.8561668
7.60595236,133.60825753
7.68954942,134.19562305
7.47006354,134.22970117
7.75255882,133.78787468
7.77346576,133.75799308
7.7752907,133.77368577
7.68199041,134.15376276
7.52075862,133.7409195
7.7731815,134.23127381
7.511581,133.60003003
7.77526016,133.920687
7.50907065,133.97255467
7.49461253,133.64894638
7.55990267,133.79736076
7.65964784,134.05281883
7.49956083,134.18598119
7.57338408,133.9530124
7.62966283,134.09751677
7.52683048,133.93130239
7.54582837,134.05511669
7.6449652,133.8718403
7.6687391,134.16753899
7.74764573,133.89674517
7.68926273,134.21107981
7.54802021,134.02161208
7.73246242,134.16517017
7.70517373,133.78139625
7.51935885,134.12604506
7.71495784,133.82653032
7.60264527,134.21135975
7.66599877,133.77578021
7.72488851,133.9329371
7.76009159,134.06363184
7.46522635,134.21044133
7.6554438,134.19910511
7.76601944,133.87735775
7.72650683,133.73907166
7.75747655,133.67693156
7.62013186,133.96635948
7.58518113,133.70498564
7.75954985,134.14151637
7.635432,133.89503302
7.56087942,133.95773399
7.79794756,133.939312
7.77449664,133.78206317
7.62579049,133.6310796
7.47386473,133.77490394
7.55500214,134.02083038
7.78413198,133.72169501
7.55040919,134.0665168
7.4705501,133.70818481
7.6455233,134.11271304
7.7683919,134.18570421
7.4876392,133.95078962
7.57486864,133.82091528
7.49353399,133.83541744
7.69206011,134.11338967
7.55081134,133.85185388
7.47679738,133.9049237
7.78649372,134.21631952
7.65821044,133.89550506
7.72021707,134.16247508
7.51794664,133.66810135
7.51256614,133.84857293
7.73772352,134.15831718
7.65617962,133.91344175
7.74229154,133.61281153
7.62560562,133.68268011
7.72239806,133.89248427
7.55892668,133.71811038
7.70463563,133.88242923
7.70378757,133.81168963
7.59134083,133.92379723
7.56408375,134.15810159
7.62349325,133.76697072
7.49046376,133.63084019
7.64476898,134.03693218
7.6661962,134.07333377
7.79026778,134.10526505
7.78363135,134.08055102
7.68300091,134.06043737
7.67329332,133.6247649
7.73779943,134.00031545
7.47224116,133.79276258
7.80122493,133.88120224
7.61156787,133.60180829
7.79671831,134.06634187
7.57460993,134.0824049
7.61809485,133.99722302
7.48205376,133.67428743
7.72217611,134.18668843
7.5003033,133.98554306
7.71817817,133.95225357
7.66276195,133.82378089
7.7618704,134.08952256
7.63213021,134.00085793
7.49499619,133.69129431
7.6903424,133.64646725
7.7999735,133.95889171
7.60721055,134.15306986
7.47494634,133.73931869
7.78789922,134.12556151
7.49963148,134.16136285
7.58375607,133.97264563
7.54736814,133.64577989
7.79143582,134.23548913
7.55964603,133.96867117
7.79792194,133.80350814
7.77785992,134.12645949
7.60215894,133.63411411
7.70241176,134.01659442
7.62831637,134.08579808
7.58650647,133.80215729
7.72001417,133.76421097
7.6276649,134.03371937
7.49033623,134.07660117
7.47126802,133.71415435
7.58701721,134.02090745
7.57985639,133.94652258
7.76056527,133.7838091
7.51042247,133.6196632
7.47172457,133.60343847
7.52074163,134.11217437
7.68975375,134.21921136
7.54692121,134.06981493
7.61667472,133.90695892
7.62807885,133.72732452
7.55887896,133.88024318
7.50892889,134.14067416
7.53909848,134.19553852
7.53746548,134.09126019
7.75307746,134.18397115
7.78366793,134.10722579
7.77746198,134.23887159
7.51841763,133.69022156
7.49854834,133.94697568
7.65352028,133.92387139
7.75437383,133.6341761
7.5131977,134.06499098
7.6206233,133.97526281
7.58719481,133.71536416
7.70862235,133.68203776
7.70819517,133.62758258
7.77682421,133.6687831
7.55482228,133.72640664
7.74065431,133.69002195
7.73558604,133.76598274
7.47434607,133.84909774
7.47387786,134.13842615
7.66277554,133.85778833
7.66643889,133.70352759
7.69330537,134.1609706
7.77633062,134.15442814
7.71042108,133.67176431
7.55590824,133.88862981
7.7277441,133.95822136
7.78994446,134.08516561
7.74506074,134.19024211
7.51499268,133.88009958
7.66075992,133.78763721
7.50972457,133.93171349
7.57292117,134.1623524
7.57696216,133.70694515
7.74822678,133.81409733
7.47418258,133.83064195
7.54781336,133.75847215
7.48934967,133.87237125
7.54511259,133.98948511
7.629323,133.77069215
7.74849171,134.0499889
7.54766478,134.17917428
7.5300926,133.74160589
7.76489649,133.60780227
7.64226278,133.6364001
7.66857192,133.88207743
7.75808681,133.60085433
7.63358355,133.66312992
7.64169869,133.85893323
7.5242472,134.08780841
7.48031354,133.81180698
7.8070519,134.06860104
7.79778491,133.99902979
7.56755725,134.04944994
7.53397558,133.67383705
7.48973167,133.67603796
7.54885144,134.20950424
7.72860823,134.11655475
7.56985153,134.01289515
7.68329955,133.83490578
7.71233668,133.76611044
7.49743304,134.02512888
7.53103568,133.61426608
7.61556852,133.6292318
7.67198165,134.22383531
7.7924008,133.70068324
7.6360688,133.66803381
7.57754148,133.83526506
7.63988452,133.76545443
7.51216825,134.19400579
7.59363176,134.08696218
7.5829549,133.90617779
7.73378541,134.2147082
7.56541633,134.1017433
7.6021511,133.75683317
7.56615056,133.69032598
7.46873595,133.76039101
7.77110308,134.20345832
7.76236259,133.85137179
7.7391841,134.1331985
7.71582522,134.17460695
7.73314025,134.21619986
7.49046347,133.78644906
7.56206384,133.87058869
7.51210144,133.69326823
7.62452927,133.60532957
7.62242157,133.84562202
7.57048725,133.81233872
7.66112324,133.68705897
7.80690792,134.07486901
7.58288967,133.9007516
7.5231989,133.70091042
7.60321154,134.03528866
7.46805738,133.91738369
7.79284771,133.93262379
7.65343418,133.75092871
7.51622751,133.80698122
7.55648708,133.89527952
7.50370693,133.65782583
7.66892433,133.60286068
7.65852473,134.23556348
7.7655526,134.20786744
7.58269782,133.64394657
7.66111339,134.01942623
7.51976194,133.97517657
7.62987531,134.23000497
7.70196423,134.09479809
7.63428903,133.87193748
7.7494625,133.9865714
7.61044135,133.92238966
7.50933331,133.77700512
7.56187672,134.05502951
7.65706688,134.13430982
7.67930146,133.86660419
7.57219725,133.72099858
7.60737919,134.03444836
7.62897164,134.09465434
7.4975116,133.94957622
7.77119385,134.12749498
7.73553926,133.74817305
7.73765674,133.9478431
7.54944436,133.92742147
7.7907489,133.89430774
7.70572879,134.10196188
7.58722664,133.96732334
7.67724271,134.13955088
7.68178897,133.64061892
7.70338963,134.05875759
7.69608738,134.15473871
7.576441,133.83430195
7.64627176,133.87635039
7.48407531,133.82257061
7.60146263,134.00534518
7.46802415,134.13320688
7.59693374,134.02159342
7.56185562,133.84026255
7.6172728,133.69575624
7.76218931,134.12454421
7.59276923,133.7165808
7.76203481,133.90808028
7.69546119,133.71452096
7.54116399,133.99747407
7.72896427,133.9285943
7.53489262,134.16665644
7.6597062,133.88622281
7.65847434,133.77744173
7.58246164,134.06897581
7.63309201,133.9057258
7.69504818,134.13053144
7.66400163,133.97152415
7.58255092,134.17892568
7.67655256,133.8297985
7.64183307,133.69842666
7.47519366,134.04009479
7.54264454,134.00277264
7.73158507,133.98435989
7.78867036,133.81465552
7.75220464,133.79386919
7.67518292,133.68496919
7.77629509,134.01527526
7.7406092,133.90343191
7.69350434,133.75561684
7.5578312,134.15756656
7.62341143,133.75896449
7.50552362,134.04349025
7.54789531,133.91974027
7.46987742,133.99843706
7.68278658,134.12570881
7.80963456,133.86569657
7.7099944,134.02508816
7.718477,134.00775058
7.54390516,134.1194572
7.55277611,133.75281559
7.75088328,133.65618369
7.59108164,133.7302825
7.55262971,133.87089724
7.47412006,133.65526438
7.48037371,134.08360995
7.70893504,133.67682324
7.64756096,134.06051888
7.67607757,134.07298001
7.59810659,133.67273452
7.53663346,133.87581819
7.55676183,134.13887385
7.51958842,133.9562076
7.7832264,133.95440059
7.80803995,133.61227122
7.52385458,133.63280767
7.69962327,134.03220287
7.637741,134.12264768
7.79981778,134.04400827
7.67712761,133.80151078
7.56849466,133.70455789
7.54280766,134.16638011
7.54088816,133.82850792
7.73235359,134.00156451
7.77231868,133.8615863
7.57310198,133.88786457
7.48991128,133.69360958
7.77586319,133.71934242
7.51410174,133.60029608
7.58677186,134.01539216
7.73624055,134.23800836
7.67553194,133.9915175
7.7724686,133.78852344
7.58997849,133.8036693
7.69948911,133.78535831
7.51947447,134.07808806
7.72334582,133.77686761
7.69059036,134.10440398
7.47628765,134.0940054
7.47324086,134.04611686
7.62472652,133.6731797
7.62955948,133.63786914
7.70718211,134.09085804
7.6482217,133.90883683
7.75129575,133.71957641
7.53794324,133.73457487
7.80628612,134.18322789
7.74983183,133.60899019
7.69330042,133.95206688
7.53249835,134.21551914
7.50007486,134.06392833
7.46941682,134.18834417
7.76887319,133.64203818
7.46689694,133.82682183
7.6400773,133.6717566
7.8065796,133.70831633
7.60517584,133.77663884
7.54168696,133.80077428
7.70245117,133.91621581
7.79974437,133.87482483
7.76545582,134.08339685
7.80760293,133.78343471
7.56590442,133.74268881
7.54248597,133.78240128
7.68934559,133.89999572
7.62559734,134.12599222
7.4897337,133.84088581
7.63672256,133.8219738
7.61559326,134.12292379
7.71877654,133.98312552
7.46767858,134.03321963
7.62475849,133.87370558
7.57770262,133.93846165
7.47631077,134.19861232
7.67241739,133.8177931
7.53629204,133.62910275
7.79065756,133.8786629
7.80796372,134.20273886
7.76501669,133.99801778
7.77438303,133.70549757
7.46916492,134.1161429
7.6310787,133.90200682
7.52393719,134.06889738
7.55093098,133.92968957
7.75278852,134.15455675
7.59315316,133.73863404
7.48297745,133.83212814
7.72852913,134.10752123
7.75646367,134.1700078
7.67246396,133.9997791
7.77743783,134.11013353
7.48147607,133.70838813
7.56395471,134.15526792
7.55421293,133.66249709
7.79914263,133.92451707
7.56410956,134.11923396
7.48096895,133.89401808
7.53946777,133.9128501
7.69984134,133.66557986
7.73883535,134.08602361
7.76137904,133.71770092
7.6857669,133.89611147
7.50743861,134.09951
7.66861615,134.13340379
7.472622,134.2082891
7.70260731,133.77405136
7.60268613,134.14030104
7.47487314,134.02582618
7.4660895,133.81923399
7.70400582,133.72012802
7.7907516,134.11039847
7.59978728,133.69613107
7.74698126,134.06548181
7.6222274,134.11481647
7.53346113,134.0325438
7.64020045,133.95417066
7.74796604,133.81986116
7.60018781,134.15242642
7.72044901,133.93243137
7.51846479,134.0527377
7.56224627,134.22003964
7.60244892,133.89151859
7.51642022,133.646624
7.68917981,133.98005226
7.76239058,134.04821013
7.51982492,133.78059649
7.63515392,133.92479066
7.60666163,133.70783207
7.60598562,133.70800179
7.52854344,133.83547334
7.71036782,134.17748385
7.80284664,133.7850952
7.7234111,133.68911305
7.61181586,133.84019997
7.67411339,134.08246638
7.53509062,133.89165986
7.54529049,134.02408374
7.61405317,134.1398545
7.51177154,133.74270855
7.68576383,133.98154542
7.71098702,133.71500338
7.65192112,133.87608823
7.50440115,133.83113693
7.78849819,133.68782552
7.72625985,133.91667058
7.74790284,134.04850817
7.60704706,133.96939342
7.72256439,133.67533138
7.65265524,133.92715171
7.67328062,133.90811289
7.73416402,133.82879605
7.5118121,133.96321563
7.54252788,134.15917847
7.7846744,133.88982423
7.78958414,133.96302555
7.66844916,134.20540121
7.71759011,133.90064491
7.74647872,133.73520361
7.73508573,133.90605141
7.77296619,134.17538678
7.74528426,133.98382384
7.52480943,133.7921984
7.74108582,133.87841873
7.73156936,133.87357178
7.55515561,133.93695435
7.70829343,133.80943411
7.47369778,133.83919298
7.62158086,133.84104968
7.51021443,133.69115998
7.69370203,133.94530246
7.63752383,134.14869938
7.75774055,133.77801552
7.56340914,133.82586914
7.78119925,133.80331749
7.54406375,134.04377814
7.65701448,133.7660848
7.47234033,133.68665086
7.69185693,134.1654241
7.65797315,133.87158104
7.54816389,134.04100399
7.48979031,134.04859704
7.50394205,133.80673362
7.7108834,134.20142824
7.64966782,134.11653912
7.61738757,134.14782948
7.73791165,134.00458754
7.67644032,134.09997269
7.59271682,133.91135358
7.5726929,133.76087305
7.56239002,133.98543302
7.5299974,133.98331443
7.55863857,134.01952156
7.6946235,133.79625212
7.49694362,133.77553155
7.65747138,134.11322365
7.6815358,133.99174116
7.71550195,134.14836614
7.46892897,133.96426391
7.78494445,133.87684872
7.68245437,134.18962768
7.66756934,133.78992818
7.53134666,133.81110243
7.50083054,133.97180315
7.61478339,134.21431662
7.49074952,133.86713875
7.48483454,134.13042542
7.59085226,133.82635142
7.58229697,133.61491138
7.53139945,134.09973999
7.60195259,134.02329995
7.53617201,133.90759245
7.59448401,134.06213831
7.51988887,134.17005528
7.62806237,133.71213668
7.51827147,134.0350654
7.4723051,134.03634095
7.714852,134.09676409
7.73455717,134.15406108
7.57695489,134.14952542
7.58352073,134.1064396
7.53263389,134.21446354
7.62137137,133.66674452
7.57115424,134.03098149
7.67819529,133.94574708
7.79960743,134.13594394
7.68169811,133.639195
7.47360298,134.20859846
7.53335049,134.17504973
7.78320808,133.96551947
7.73974012,133.69530129
7.48355994,133.74129154
7.72820321,133.71778221
7.76076023,134.17363173
7.69072521,133.73061924
7.63925462,133.98693042
7.80977303,133.70464934
7.69389308,133.63628566
7.65718186,134.17921721
7.60947927,133.96176699
7.76729998,134.01840494
7.62054402,133.74447064
7.52513037,133.64972481
7.53447213,133.98441595
7.78613909,134.20212531
7.67916798,133.64016134
7.63696115,133.68539782
7.47568119,134.14812012
7.63707313,133.95003425
7.5347562,133.71823396
7.68913434,133.71861917
7.64003889,134.14507034
7.63231704,134.19916643
7.72892776,134.03028018
7.51662808,134.03672303
7.71862776,134.1666702
7.59135452,134.17892765
7.67342685,133.86975056
7.47087777,133.65314268
7.58315281,133.76213767
7.47399147,133.69249108
7.59957938,133.69344533
7.49028109,133.93827953
7.74330532,133.71455935
7.57971191,134.1543786
7.69957647,133.60279129
7.66127647,133.67387741
7.58590181,133.59744067
7.77020404,133.77696073
7.64949207,133.60049049
7.76837111,133.80753206
7.80885118,134.21002884
7.55400807,133.70331523
7.52426274,134.22490195
7.55979034,134.20477505
7.6997848,133.79217031
7.73318588,133.64957365
7.70567696,133.74592106
7.54276087,133.73453323
7.68030125,134.13292858
7.70616075,134.14114779
7.72621714,134.2160601
7.73300067,133.72309899
7.48642882,134.1731415
7.80210552,133.96670523
7.77314187,133.72273648
7.71891484,134.06715669
7.52484612,133.61641416
7.80409358,133.89569365
7.49850257,133.94257669
7.4718958,133.72233006
7.48647012,134.01268095
7.73127247,133.74893573
7.62787586,133.71889119
7.71546723,133.87766496
7.49303182,133.89684464
7.46643682,133.84877007
7.77009444,133.79090837
7.4886093,134.23654036
7.49692282,133.76073
7.79881898,133.84352348
7.60560021,134.10357355
7.62747544,133.81428298
7.5254698,133.88918232
7.79718976,133.99491408
7.6449558,134.06497832
7.71115661,133.75882465
7.79754959,134.13375166
7.57635609,133.89584179
7.69395431,134.09716942
7.64140903,133.84835328
7.49653058,133.93667639
7.69117788,134.22953416
7.70638983,133.72728938
7.5738701,133.77348213
7.59797554,133.64377664
7.8095826,133.62845239
7.8062503,133.65571625
7.56127942,133.64219226
7.52676374,134.05657667
7.69263823,133.80297993
7.79596837,134.21100672
7.55219603,134.07471716
7.73389988,133.95004209
7.61075104,133.69962269
7.6354134,133.66928569
7.55329451,133.94031413
7.51585912,133.95281559
7.53728696,134.16528103
7.53442428,134.23612527
7.56999763,134.12478091
7.65482142,133.85072432
7.59392966,133.63613783
7.51381953,133.65950376
7.46694477,133.7695484
7.72352228,133.6220933
7.6456973,134.05018066
7.49580384,134.01718501
7.65281172,133.87971826
7.73529112,133.93131037
7.64265855,134.07451099
7.50140771,133.90838486
7.74074521,133.72003079
7.7612834,133.8383626
7.61688012,133.88522809
7.73400527,133.78869966
7.55543202,133.74182405
7.80697426,133.64523076
7.59428633,134.00071971
7.74643125,133.68070268
7.80484679,133.9451339
7.50533005,134.23076114
7.7377417,133.62595903
7.57659293,133.85267475
7.78838323,134.13191517
7.54689166,134.12258536
7.74026229,134.05894429
7.8008547,134.00296288
7.75266996,134.21060741
7.50909214,133.76900436
7.71195781,133.90464657
7.79986881,133.75291263
7.5115322,134.06610145
7.59735537,134.13605975
7.67607885,134.05310623
7.61034671,134.02354481
7.56514762,133.74521962
7.49455208,134.02319688
7.70318699,133.9563289
7.62050994,134.22564359
7.68007537,133.98913683
7.77086782,134.02648606
7.67977365,133.67902541
7.76016806,134.18570432
7.77858539,133.83074705
7.52082665,134.23025699
7.68098937,133.85070167
7.52470028,133.72718005
7.65982934,133.6190307
7.53066018,134.13102287
7.53517569,133.6760481
7.50953623,133.73776874
7.7884493,133.87386591
7.74914364,133.74945421
7.59673827,134.12425251
7.74109104,133.94839018
7.7440539,134.05786814
7.56329259,134.04060276
7.61714053,134.01949912
7.72044815,134.02150049
7.5548757,133.83492554
7.76396205,133.9934138
7.47286602,133.78747286
7.64332821,133.7225674
7.61721226,133.90848979
7.62277946,133.88870832
7.7398081,134.08011557
7.73099394,134.04118623
7.72266691,133.73756935
7.74155564,134.15687285
7.64913717,133.95775993
7.69826353,134.23470833
7.56029831,134.11343804
7.5173532,133.8352168
7.66250036,133.96990019
7.47442577,133.93846117
7.80554799,133.7192811
7.80943809,134.12157853
7.59617908,134.21488059
7.62204665,134.1713904
7.74105789,133.66107553
7.67401342,133.68144342
7.70535547,134.05710874
7.58041809,134.07624039
7.60623785,134.03772272
7.72697524,134.10150687
7.80220803,133.81273952
7.6974473,134.21683836
7.47310435,133.68838561
7.62889528,134.19119372
7.49565024,133.95593663
7.59783636,133.77979461
7.72696784,134.1555212
7.70984361,134.12827015
7.79329026,133.81445704
7.66598674,133.78026447
7.70423753,133.70392581
7.60003634,134.07406299
7.52983743,133.90648421
7.51353162,134.00922044
7.72204552,134.23412619
7.515232,133.70166018
7.80175613,134.2183185
7.51986629,133.78621061
7.60333796,134.13457829
7.67447215,133.60725076
7.63036907,134.23146847
7.5748414,134.17802043
7.76236489,134.0066849
7.65291079,134.10269506
7.68425144,134.21849216
7.66483095,134.08751682
7.80602455,133.77014406
7.49183009,133.93295355
7.79568815,133.62291204
7.4949198,134.17842759
7.50941207,133.60053972
7.80532305,134.07723658
7.52947688,134.02991116
7.54547856,133.90639209
7.64603838,133.6078336
7.64496628,133.96705633
7.72441902,133.73304802
7.54370303,133.95407407
7.63532282,133.60025392
7.74590163,134.22742693
7.66999168,133.61974287
7.63289131,133.641904
7.73144237,134.19288484
7.80341197,133.75615531
7.73757153,133.62797146
7.66608988,133.76438735
7.4678241,133.84790872
7.52524544,133.9169477
7.60971654,133.94287087
7.63422265,134.06503115
7.5649428,134.15531653
7.56827202,134.20593714
7.78255465,133.75725497
7.74520327,133.83982574
7.76394783,133.80156938
7.46724604,134.02141778
7.71275612,133.92704545
7.4910443,133.94989161
7.69740236,133.91016028
7.80051166,133.66725471
7.71023761,133.73420473
7.55412389,133.915354
7.73340387,133.66164597
7.64188036,134.19379595
7.58975425,133.65540787
7.59119431,133.73743708
7.54416128,134.23173602
7.72355138,133.68558742
7.78857324,134.09625004
7.53326142,134.00602713
7.46566077,133.62922047
7.73985889,134.19333513
7.5971517,133.77801463
7.80213544,133.91780849
7.67600393,133.79813736
7.65381324,133.67860666
7.61048997,133.80990952
7.4883209,133.61102554
7.73430784,133.98145984
7.66164524,133.94036426
7.60992498,133.78100451
7.67600617,134.17663009
7.76881592,134.20635405
7.59832933,133.86030383
7.68158951,134.15047543
7.77686999,133.76623447
7.79750286,133.70023572
7.75520729,134.10712478
7.4860875,133.71478639
7.76463772,133.80948016
7.61083979,134.09154237
7.5548133,133.61073748
7.57462596,133.90058916
7.70330565,133.94116722
7.55620562,133.91730422
7.51527366,134.02363233
7.5079424,133.97556754
7.55667045,133.98601537
7.50298838,134.07401498
7.7244388,133.60718864
7.5665964,133.80332984
7.66732483,134.2284708
7.52307761,133.8057038
7.53836958,133.76717535
7.50400905,133.98846767
7.74974115,133.77642983
7.6374215,133.97819275
7.65531035,133.62953133
7.53252181,133.78565339
7.51701276,134.04129532
7.65328153,133.62379292
7.80447581,134.21884053
7.52699889,134.12439495
7.67348516,133.99519836
7.51783315,134.23802644
7.55218654,133.68757746
7.65241966,133.85228489
7.5119453,134.04377707
7.71520153,134.059933
7.54328623,134.19976603
7.80832863,134.02541655
7.61429821,133.64757056
7.61720142,134.22425501
7.74828689,133.72955634
7.79880894,134.23588573
7.49544815,133.98775492
7.78491138,134.02254209
7.61257988,133.84921407
7.52739077,133.66668747
7.61199253,134.23055466
7.58439696,133.75104126
7.73508839,133.75408194
7.55556325,133.63542269
7.55806348,133.63840716
7.47023008,133.64892833
7.53473877,134.10921532
7.59134,133.62690219
7.60053178,134.13158677
7.76625351,133.79931872
7.51442558,133.67271958
7.67832645,134.01429894
7.65078004,133.69922074
7.52641956,133.81284342
7.47355835,133.92680004
7.77602203,133.89222714
7.49541841,134.0051226
7.70611,133.75158898
7.68919191,133.63184362
7.46517038,134.17668307
7.60014505,133.67347681
7.49058907,134.15490035
7.54195262,134.20165979
7.68338165,134.22631877
7.52790343,133.82803443
7.51024236,134.22873375
7.51873312,133.6423344
7.51095345,133.86685562
7.50724728,133.81327329
7.5267728,134.19578252
7.80832369,133.88704024
7.77412353,133.77526587
7.71611737,134.20316045
7.77473105,134.15745627
7.54990689,134.15339031
7.59922235,133.64829888
7.76088861,133.82490884
7.80701147,133.82151143
7.46593413,133.70838487
7.76772277,133.70237159
7.80498963,133.80923737
7.48899797,133.77743713
7.71573349,133.9954571
7.49298244,133.94188565
7.66306749,133.72183111
7.7300027,133.96441297
7.62315964,133.83700152
7.80944779,133.95839505
7.57484362,134.2274393
7.7266588,133.98412337
7.62269811,134.0355804
7.61307639,134.0657325
7.66491483,133.61835983
7.63799609,133.98173773
7.64029002,134.19608947
7.69140022,133.91110824
7.47773135,133.64293751
7.74719817,134.05202319
7.80882304,133.74529
7.64540286,133.86628861
7.49467629,133.95646885
7.63855307,133.91243415
7.72246476,134.21028711
7.66907314,133.81389904
7.78407444,133.7881606
7.62891912,134.03591726
7.69144565,133.87847919
7.79721558,134.03072276
7.76943148,134.15622004
7.72871519,133.79742889
7.46645416,133.80108401
7.67175195,134.21071222
7.68391048,134.14216562
7.53013392,133.82990346
7.53643276,133.70046683
7.6027029,134.00389181
7.79939008,133.66707823
7.668859,133.99924426
7.75611858,134.05487461
7.61130579,133.67716377
7.54375428,133.94111316
7.78981809,133.656476
7.65569906,133.99974871
7.80044037,133.98855144
7.47544529,133.89505098
7.49894281,134.0111239
7.60825978,133.72755612
7.73867129,134.15125357
7.65561451,133.98214232
7.58717184,133.86510048
7.5837227,133.90766594
7.53853132,134.13339627
7.51847231,133.798934
7.75450036,134.00975456
7.47666335,133.88756473
7.72104591,134.18756644
7.50522548,133.90765946
7.73541519,133.66512671
7.70090076,133.69214974
7.55758504,133.61316285
7.58305558,133.96833728
7.69903132,133.92313399
7.75556513,133.79672589
7.49075628,134.00175301
7.53204845,133.87144641
7.77980874,133.89343862
7.69403069,133.61306976
7.52086527,134.06770918
7.74796154,133.97759394
7.60342879,133.67882146
7.53083206,133.88735441
7.57666926,133.83085539
7.67910508,133.6240445
7.57512061,133.9224806
7.48347349,134.00373038
7.66404189,133.68089452
7.49916635,133.78932009
7.54556598,133.95833688
7.6099359,133.60974317
7.64606901,133.74730173
7.64955648,133.80491911
7.56449779,133.60559283
7.75452382,134.13344739
7.5523666,134.04549606
7.76447571,133.91613578
7.61196532,133.91103467
7.77259553,133.59872124
7.78429784,133.71655314
7.60544672,133.76435688
7.76477609,133.60040433
7.51874731,134.1319868
7.77334883,133.91328443
7.73280508,134.12493162
7.62051051,133.89141356
7.77414484,133.88108726
7.76898762,134.14867392
7.50744566,133.75961817
7.68596718,134.05944241
7.67046647,134.23306134
7.65402759,133.92008818
7.69113049,134.1914889
7.50376858,133.67726916
7.80664485,134.18797269
7.466724,133.92231635
7.69718981,134.05913497
7.71368184,133.73868461
7.76586539,134.09869551
7.74031467,134.20584613
7.61744728,133.90147751
7.68574248,134.14436494
7.55071979,134.03346357
7.75889655,134.16128763
7.70587672,134.09613059
7.71023843,134.08418198
7.58480261,133.78961717
7.56818247,133.97374686
7.7224786,133.83065408
7.78535697,134.14615377
7.63158585,134.03555934
7.54651351,134.17555919
7.53574486,134.09373619
7.58221937,134.09342473
7.75025843,134.02062547
7.58293824,134.17686927
7.59345693,133.67612523
7.55613468,133.92738814
7.55735784,133.93771772
7.50888542,134.15634268
7.63094567,133.62554818
7.76119047,133.84318371
7.73457808,133.95526379
7.71887748,133.99748024
7.48888252,133.76634511
7.80707051,134.14122253
7.50131137,134.08350509
7.78584524,133.69786808
7.67863843,133.97991965
7.80656468,133.69994378
7.65324074,133.69029612
7.76943803,133.81112849
7.51115736,134.19785365
7.64182985,133.86769868
7.70327855,134.15218275
7.70063726,134.20845135
7.75510355,134.18985012
7.78749074,133.7840804
7.55998755,133.76663866
7.77522674,133.68438926
7.73396536,133.87660663
7.46968509,133.8691
7.62240413,134.19677841
7.71913018,133.61798684
7.57394662,134.03813984
7.80598496,133.61767556
7.71062287,134.16864909
7.61883627,134.16826577
7.6675872,133.96478498
7.61719814,133.79393525
7.77807091,133.65487452
7.50943791,134.11846108
7.51993624,133.94033765
7.66420327,134.08930569
7.55746976,134.23050992
7.68550875,133.70544211
7.80091382,133.76371643
7.49600629,133.88064646
7.50619613,133.89810118
7.52151501,133.80503578
7.55117632,133.78381917
7.47383931,133.80575444
7.73095434,134.03777428
7.63522022,134.14159068
7.5764412,134.17216328
7.62316421,133.76639548
7.77460203,133.9123723
7.56022402,133.83193542
7.73194549,133.92545483
7.71570484,134.06124833
7.46622055,134.22897273
7.64777069,133.86648107
7.79130377,133.93689381
7.72169863,134.18892778
7.71963333,133.7085292
7.67808098,133.94177346
7.50584783,133.90617083
7.69976182,133.80443447
7.72095194,133.8314713
7.55026498,133.88877617
7.49527502,133.8328116
7.79926854,133.80870079
7.68822437,133.97941399
7.72487363,133.85586481
7.60207733,134.1292383
7.46864593,133.66642067
7.57693782,133.59746089
7.52017875,134.09229927
7.79566144,133.91251647
7.75766257,133.67730936
7.59197924,133.81694055
7.49345455,133.76741854
7.48017851,134.22138773
7.59118141,133.60332465
7.66359139,133.71315109
7.65541539,133.76962135
7.64364381,134.21832131
7.75815651,133.92948681
7.68241008,134.21347705
7.4780119,134.07891666
7.55649365,134.20184835
7.75986597,134.02076954
7.59392514,133.86847833
7.5180344,134.15910998
7.75352792,134.16996398
7.52669543,134.09431629
7.71842771,133.92364371
7.5951494,133.81147551
7.80606619,133.8480087
7.73979793,134.01877795
7.72342349,133.79516983
7.59035427,134.06674798
7.46755721,133.80662537
7.65046418,134.06051117
7.51388815,133.74165036
7.73693622,134.14547853
7.71899194,134.14395716
7.49789127,133.90205458
7.64531078,134.12594696
7.65448215,134.17161555
7.71489329,133.87497297
7.67341746,133.75077317
7.72396992,133.89145081
7.67800329,133.83243355
7.71537025,133.69693311
7.64283699,133.70300437
7.57506545,133.98079977
7.49623264,133.63314654
7.7162011,133.98807844
7.5997615,134.11762597
7.64620151,133.82496625
7.57713328,133.70872857
7.79317982,133.62960434
7.54810091,133.82537657
7.5360259,134.23671558
7.78511384,133.97342122
7.47919963,133.85888136
7.74701348,133.97979629
7.69250462,134.0972435
7.68905398,133.7971627
7.65061801,134.03233724
7.77385052,133.75370009
7.71323043,133.90860881
7.73003767,133.60761324
7.48534318,134.05565683
7.79466286,134.02608358
7.51422484,133.88835602
7.49569178,133.74841466
7.80706682,133.91827803
7.52475348,134.19796573
7.69904848,133.86563246
7.71427957,133.59899648
7.75461498,133.70470786
7.5070336,133.82223461
7.63237225,133.76895515
7.52533063,133.88770628
7.55557957,133.90779251
7.63935981,134.15552702
7.80395698,134.15804463
7.54120235,134.21709576
7.65294081,133.72289379
7.75397851,133.83576631
7.49579976,133.79093835
7.52394717,134.10600238
7.7945405,133.6048422
7.67642682,134.04520956
7.71930523,133.98030965
7.57017005,133.85504765
7.55802917,133.75875332
7.73956166,133.71654579
7.76204665,133.64452462
7.62262428,133.94863261
7.63681726,133.97596904
7.56321054,133.76051875
7.73497908,133.99684923
7.48748658,134.05316741
7.70277012,133.69901546
7.54747752,133.73656047
7.48936561,133.98709488
7.80304805,134.12661157
7.60001142,133.91167129
7.46999169,134.2247058
7.70059573,133.67326349
7.58682103,133.64268544
7.4751065,133.91703679
7.70734083,134.2302725
7.51672714,133.89932518
7.71984719,133.68019795
7.7034552,133.71382928
7.57101402,133.59976384
7.50052889,133.75999424
7.67305639,134.01068097
7.52996877,133.95391044
7.49627525,133.82904303
7.47300861,134.03160589
7.63741474,134.01192579
7.68238348,133.64183741
7.78756892,133.77432931
7.73478887,133.80097667
7.6989234,134.10180672
7.64397676,133.97407283
7.7130739,133.73780522
7.75560135,133.71112246
7.56992357,133.87619468
7.79731176,133.82660219
7.56096156,134.06337936
7.68031675,133.75274821
7.74218281,133.75111461
7.63123674,133.68207642
7.7286376,133.79523433
7.48429986,134.0551051
7.71984549,133.96693253
7.68582812,134.19235795
7.54836877,134.23060465
7.70638293,134.01336892
7.68843925,133.6936619
7.79542245,134.00318858
7.72257387,133.75716335
7.66171225,133.76099051
7.50250587,133.7967542
7.77378121,133.93964543
7.78111276,133.92139889
7.77424267,134.01621383
7.51108032,134.12556718
7.74379932,134.13232949
7.56119575,133.73785762
7.68023634,134.07264697
7.51916399,134.13703181
7.73706096,134.1506826
7.63600234,133.94379031
7.49882305,134.22113871
7.80147621,134.10871887
7.6753488,134.15618958
7.63466142,133.68639734
7.80932186,134.19861457
7.62002356,133.98054381
7.73684977,134.02058417
7.60507022,133.7837738
7.5586987,134.23694707
7.47112317,134.19022708
7.58006431,133.69405503
7.57632233,133.6607695
7.47747793,133.75697699
7.80504735,133.67790991
7.75826475,134.06238703
7.65541636,133.73595573
7.80468835,134.15733105
7.66004736,133.62592137
7.50671516,133.78834687
7.49605417,133.87231027
7.5826117,134.04940365
7.73931713,134.09694118
7.46542536,133.96880198
7.50208889,133.85515333
7.5666292,134.06251741
7.65633263,133.92998558
7.76938057,133.74973589
7.54010826,134.1703361
7.70204662,133.94688609
7.76620303,134.205276
7.79328702,134.16838717
7.49542637,133.92948679
7.80527647,134.11414774
7.60783235,133.8804077
7.62809539,133.78947998
7.55445652,133.86702996
7.5125334,134.18575394
7.7031626,133.77041435
7.75433294,133.84403201
7.70170212,133.77736432
7.66411871,133.60281268
7.72774295,134.0029144
7.60557275,133.8442877
7.60474011,134.03228199
7.55567571,133.72120651
7.58403795,133.74796736
7.6315405,133.6827257
7.74202395,133.75839506
7.73915673,134.19143051
7.47210511,133.64631355
7.53020062,133.80898616
7.71997243,134.17865837
7.65342804,133.79849399
7.70189445,133.9549029
7.62038699,134.23565648
7.4760666,134.09098275
7.50165557,134.07911649
7.6467051,134.0105855
7.60841785,133.72918122
7.50815562,133.73925046
7.66201658,133.78308915
7.60507472,133.68323366
7.65045011,133.93001996
7.5625056,133.86181706
7.47003229,134.04377758
7.66541676,134.17071891
7.65768328,134.2377783
7.61875678,133.62904578
7.62227568,133.98482083
7.74785514,134.14822627
7.60735471,134.0933483
7.63683431,133.78521951
7.50274264,133.73941295
7.67235533,134.04640098
7.75724419,133.73414849
7.58698801,133.77810251
7.57866083,134.21774275
7.79192311,133.90776105
7.53956246,134.17828269
7.73282118,133.83977437
7.79294052,133.63458442
7.74047675,133.91131015
7.51296704,133.93250237
7.50157537,133.9963784
7.56968245,133.99701568
7.54460247,134.16069328
7.68941922,133.68948902
7.63160058,134.13888648
7.75403464,133.72158135
7.79561918,133.96587541
7.69972069,133.62105042
7.6382978,133.88584196
7.73262731,133.99105695
7.64472504,134.03703276
7.69876691,134.11880155
7.6541035,133.65692429
7.79345421,134.11941998
7.80098092,133.81979587
7.54652021,134.09275684
7.66156213,133.60563408
7.6363437,134.11783917
7.69840451,134.03345681
7.60404689,133.82432616
7.69354014,134.01996758
7.65608435,133.68228674
7.68628237,134.22241743
7.74222199,133.74853699
7.76192954,133.78576935
7.77186014,133.66664647
7.56196554,133.82080854
7.65350365,133.63006149
7.73806296,134.08609869
7.66707914,133.63689005
7.57335597,133.84031114
7.4831628,133.60429449
7.56700781,134.11110477
7.67343969,134.00946602
7.74661768,133.96970427
7.60890796,133.65226526
7.53565395,133.68581938
7.74160789,133.72121283
7.70319272,133.68311335
7.50523093,133.87371133
7.60712304,133.98938805
7.50751029,134.21759399
7.49920072,133.93935812
7.71358116,133.6289971
7.50197235,134.0637725
7.68389861,134.23500681
7.47215372,134.14938279
7.61686834,134.23000838
7.71292771,134.01650583
7.48710449,133.7377902
7.61128902,133.8271705
7.69733332,133.68609454
7.63762959,133.78520571
7.78218699,133.61030072
7.71943859,133.96643145
7.64304885,133.65975255
7.7105748,133.65728125
7.57471789,134.14929484
7.5175016,134.07775726
7.60804417,134.2350076
7.68398034,133.64609775
7.76205711,133.7612297
7.65694591,133.97928776
7.68490781,134.2358475
7.71746765,133.88647087
7.50914468,134.01919097
7.49401483,134.1667892
7.58076193,134.12176515
7.65380131,133.62736584
7.72541408,134.07981503
7.70350685,134.16241522
7.67333406,134.06801097
7.80015709,133.85953123
7.69313958,134.20071354
7.62740675,133.91481849
7.66117034,134.07265911
7.65826021,134.20731228
7.74731976,133.80143844
7.80919874,133.83779778
7.54708071,133.60490679
7.65924305,133.63475146
7.74575665,133.71669508
7.74280763,133.98875136
7.55094419,133.94427893
7.70241677,133.84900254
7.54390771,134.05933666
7.68439504,133.6550316
7.66226095,133.93624398
7.52771249,134.0440986
7.50513962,133.7702535
7.49940488,133.82402558
7.48090882,133.81298687
7.49938178,133.86939419
7.8044838,133.74322932
7.68572889,133.76086648
7.5843775,133.68850474
7.74636266,133.93475049
7.60102918,133.88529264
7.67909896,133.86690443
7.58916549,133.89562362
7.60013427,133.93001427
7.46758691,134.00765369
7.60596462,133.62915265
7.79713908,133.74924613
7.75915541,133.9983625
7.53471425,134.2335291
7.67117835,134.04274568
7.68110401,133.84297682
7.60934152,134.01324159
7.80941299,134.09929866
7.61882091,134.2052275
7.68867269,133.77992133
7.55261755,133.6736962
7.47000666,133.74700931
7.5089655,133.8696172
7.48320841,133.9333978
7.63425897,134.05830727
7.54341218,134.13097072
7.59670493,133.8026758
7.69563362,134.04519486
7.68680057,134.0366356
7.79176737,133.60601927
7.48325928,134.17776874
7.53892408,134.21380272
7.63572917,133.67329195
7.64308165,133.96682236
7.47219347,133.78984516
7.65925712,134.08919975
7.68548874,133.92024947
7.76501194,133.84115264
7.56807321,134.20763527
7.76567855,133.92126575
7.7726411,133.63261479
7.67609968,133.64765976
7.49604388,133.60649197
7.65693519,134.15492965
7.51073162,133.69957647
7.48151917,133.73744644
7.49521264,133.78941569
7.53312854,134.0881977
7.61090803,133.60284508
7.76861418,133.63257687
7.60914028,134.0840432
7.54781367,133.70211345
7.50576932,133.91862558
7.55312048,133.60177643
7.56660523,133.98427794
7.51686606,133.98377713
7.59628455,133.87426792
7.64196896,134.16074313
7.57476042,133.89165517
7.7323707,133.90681174
7.69679453,133.96985824
7.53957434,134.20622236
7.46886252,133.97322945
7.50794354,133.69910677
7.79777657,133.60749475
7.6295767,133.82990298
7.54886529,133.61570079
7.60220094,133.69725663
7.51120193,134.17024646
7.55580048,133.68383805
7.6338725,133.60244861
7.65807987,133.89012666
7.62517657,133.89435759
7.51979958,134.01397127
7.7339701,133.93461042
7.67726103,134.09800307
7.5460552,133.95950402
7.71391043,134.12594475
7.68285509,133.65147121
7.74421507,133.87139557
7.71709645,133.65993372
7.64969841,133.7705644
7.76568531,133.77600965
7.5188053,134.22026584
7.64884847,133.69103693
7.6796533,133.97582128
7.62212814,134.08272568
7.58199135,134.20560492
7.65156435,133.97917138
7.47398467,133.73937334
7.49772228,134.19168894
7.71298936,134.04265283
7.57258069,134.09803051
7.80588197,133.76788747
7.58429482,134.01907187
7.67172109,133.6377679
7.74860203,134.00009624
7.72939582,134.08412329
7.51124159,134.02095855
7.50748083,133.84181191
7.48044627,133.67218982
7.60660038,133.91003924
7.58462917,134.02908228
7.55621241,134.14817848
7.6229932,133.71914291
7.59267917,133.79986067
7.54712325,133.99152611
7.5203547,134.05742885
7.71996232,134.05112107
7.53701823,134.17216127
7.5549251,133.75286693
7.72131123,133.61082563
7.55283991,133.66843627
7.76849932,133.9621104
7.71060478,134.04715681
7.51577875,134.2088313
7.61208948,133.91387453
7.66253441,134.13929459
7.75801491,134.13287601
7.50158847,133.72902695
7.60273489,133.83196786
7.74019161,133.93835655
7.52309131,133.93202473
7.58132159,133.59877215
7.78623424,133.73564057
7.51336438,133.74564686
7.49582695,133.65829328
7.70687211,133.65402436
7.74773051,134.20468622
7.54769694,133.89858337
7.80756347,133.91708045
7.55607384,134.21800016
7.48661631,133.99406473
7.57620965,133.66139654
7.56989142,133.69626155
7.65277248,133.972528
7.55184128,133.62789817
7.6975646,134.08453965
7.68085563,133.8227889
7.73809639,133.68126883
7.69519304,133.8907794
7.59951359,134.06122081
7.68677862,134.11238585
7.69477945,134.21736104
7.54116345,133.980954
7.51750644,134.08151487
7.5691348,134.11295371
7.74763159,133.80063242
7.63564881,134.04372046
7.55769009,133.62656586
7.76034928,134.10345841
7.78081379,133.66049573
7.68672424,134.17239524
7.56414455,133.97742333
7.69144375,134.02799091
7.66030046,133.87549959
7.6171006,133.7142552
7.50139218,134.0937818
7.62688819,133.84509763
7.50393181,134.17271825
7.54207386,134.13792936
7.60920573,133.69666689
7.48651788,133.90264517
7.75490898,133.73952697
7.57472173,133.87536206
7.78898048,133.64244281
7.68432662,133.69263132
7.53283719,133.95068688
7.54505968,133.97064695
7.71400453,133.62333999
7.60938443,133.73624551
7.64079541,134.19957792
7.72663319,134.05510537
7.66530271,133.86107506
7.55842471,134.22631895
7.59207004,133.7170086
7.57273061,133.66087181
7.55181211,133.81034281
7.50851569,134.02674596
7.7649408,133.65536033
7.62826391,133.79857472
7.65234632,133.9939335
7.68827858,133.81605074
7.57552009,133.88733758
7.65345081,133.78168643
7.51969403,133.86437329
7.67793941,133.87849677
7.72922497,134.21323923
7.50642956,133.820554
7.72630885,133.61811958
7.69702411,133.72827831
7.63716208,133.98780834
7.48980241,133.60186489
7.55344565,133.88430303
7.66278404,133.66086532
7.70254091,133.88073162
7.65343783,133.97329366
7.76141862,133.61607827
7.65845751,134.19115125
7.74002097,133.70979644
7.48954076,133.91034883
7.50823122,133.72484085
7.6290014,133.69940347
7.51465185,133.99192226
7.61657367,133.76964596
7.74471266,133.84314101
7.46795741,134.10254859
7.71886124,134.00919898
7.66333148,133.91089461
7.79592025,133.83280656
7.74974699,133.97709802
7.75119558,134.06223522
7.70143332,133.60622256
7.80676852,133.70766254
7.78741489,133.69941625
7.56493259,134.14950241
7.5782875,133.74223396
7.47764432,133.75080771
7.48233208,133.71069082
7.47822767,133.63041507
7.55723586,133.77225285
7.77885075,133.82275765
7.80984215,134.18830095
7.58802365,134.19945318
7.54700546,133.71549036
7.55698114,133.7355551
7.55140097,133.66654592
7.69095306,133.77521517
7.71435741,133.73147842
7.51326835,134.10758689
7.60843079,134.00338745
7.7550543,134.05762799
7.50878564,133.64631614
7.76598437,134.11395319
7.50669617,134.14305469
7.60841286,133.69886723
7.7370553,133.61510115
7.52003577,133.78708677
7.62744659,133.90145637
7.73170924,133.79458038
7.74665267,134.14337842
7.72024339,134.16793698
7.79831509,133.67076053
7.59041334,134.15073118
7.61023293,134.09074896
7.59825851,133.70476797
7.50912206,133.99448249
7.56159191,134.12379577
7.62715225,133.66876234
7.47160493,133.94023059
7.51371992,134.01647893
7.5232976,133.88280727
7.7176142,133.81205282
7.67428047,134.06334877
7.72558185,133.63774304
7.713813,133.99081618
7.63466869,134.22587201
7.78388122,133.59827831
7.65182517,133.64881971
7.72969489,134.1852943
7.67656906,133.86114421
7.71676564,133.9704126
7.5817146,134.19711849
7.55934384,133.67274132
7.47828168,133.85177299
7.63352245,133.92902054
7.79812702,134.23223972
7.56333934,134.08021382
7.67872516,134.13602765
7.73703077,134.04233586
7.79927938,133.70690738
7.63505646,133.84721156
7.65564333,133.60945024
7.67037009,133.88645794
7.64706507,133.6583778
7.63170944,133.62211484
7.76576369,133.63930648
7.68503038,133.89775128
7.57278856,134.00818545
7.6230549,134.08592343
7.66326776,133.71689176
7.49615187,133.97953303
7.49946892,133.70926621
7.51951105,133.65784816
7.50950457,134.18121493
7.75610413,134.06329789
7.50520523,134.05413224
7.51029127,134.21475362
7.72317661,134.19165168
7.7921621,133.66636512
7.62673066,133.78022048
7.7317648,133.94129482
7.77629392,133.99669265
7.72758635,133.65063311
7.48462057,133.94907583
7.58288794,133.64844006
7.65624367,133.71820121
7.47236303,133.85935336
7.67312727,134.07556138
7.53194112,133.62674683
7.50638274,133.73873113
7.63826645,134.02842964
7.53346456,134.14803967
7.70050982,133.74930314
7.51367424,134.17468429
7.79055295,133.86516926
7.64631283,133.70346368
7.48947791,134.13001923
7.4715337,133.88580375
7.55957067,133.89334337
7.64617759,134.11812311
7.58008257,134.12816719
7.59701049,134.22573089
7.80599993,133.88766388
7.72184269,134.22553737
7.61355775,134.12368619
7.54709046,134.07724824
7.53041523,134.17188383
7.49945758,133.85852468
7.66390102,134.12976857
7.58646063,133.90871055
7.46958071,133.69574342
7.4748383,133.87335015
7.65619453,133.79623466
7.55559668,133.66681094
7.77385561,134.15594484
7.51986716,133.97761991
7.62691422,133.82830724
7.54463252,133.8480728
7.74706959,133.99697859
7.78970949,134.07385423
7.69121676,133.72249881
7.55909707,133.7940993
7.67704955,133.66232689
7.63270628,133.92597575
7.60947861,134.16254428
7.7752826,133.78341786
7.53102573,134.16464409
7.76238229,133.94080913
7.47027017,134.09775907
7.76431887,133.95442803
7.68580564,133.62423506
7.78901259,133.79209511
7.69047661,133.73686535
7.6009932,133.73640311
7.76447696,133.91482506
7.56426866,133.70015382
7.46957887,133.83557487
7.78819698,133.77483641
7.67567357,134.20535749
7.47774004,133.95226509
7.6965903,133.69957619
7.53971445,133.91272056
7.6217289,134.19336068
7.63885359,133.79033491
7.63751465,134.02904479
7.47073119,134.14569987
7.77054446,133.66506842
7.74278155,133.76995156
7.67202175,134.09261194
7.60881609,134.21350617
7.72656116,133.766397
7.59055806,133.63287236
7.7132196,133.70955156
7.77626289,133.66437419
7.80642504,134.00143466
7.63103531,133.79453813
7.53027139,134.11875992
7.77225792,133.79033902
7.51500067,133.93608712
7.7715389,133.60367046
7.59667695,133.60708051
7.62676151,134.01962994
7.69828952,133.76957081
7.58388477,133.93296902
7.67762082,134.07378275
7.52561994,133.61745959
7.54727274,134.10040403
7.76697289,134.19407401
7.58586903,133.89111023
7.501875,133.90605778
7.57687856,133.73074441
7.80094654,133.96701649
7.48461237,134.13463522
7.67476271,133.7936018
7.51446582,133.62144873
7.75162617,133.86086639
7.62748081,134.12184821
7.7159708,134.07715057
7.55012076,133.64060227
7.50826004,134.08597125
7.49634567,133.78190315
7.5019764,133.9839593
7.63813698,134.23516093
7.65411144,134.20464628
7.64361645,134.13016781
7.75444341,133.99086496
7.73937694,133.87915716
7.64510259,133.68009979
7.59556702,133.63313062
7.48595682,134.09906164
7.59026669,133.65068183
7.53384667,133.88911916
7.48388318,133.96177795
7.73756364,133.86392627
7.56821233,133.97448964
7.79818393,133.68681345
7.62764717,133.92726603
7.64181825,133.95814348
7.61704156,133.68927983
7.79820098,134.18580402
7.4915519,133.62830356
7.57654126,133.91689104
7.72409212,134.03089824
7.67692465,134.00610325
7.75938616,133.73853073
7.6140391,134.09062757
7.73179596,133.70097051
7.58957923,133.84536097
7.54511402,133.6343669
7.74553155,134.04531781
7.75860434,134.1418743
7.54871233,134.19297164
7.62270598,133.95431549
7.77964085,134.11006885
7.76930931,134.06518366
7.71546043,133.73667245
7.55654816,133.93461027
7.77311626,133.90195437
7.54289603,134.13040488
7.79115275,133.96200256
7.67920757,133.9349981
7.72892083,133.76586131
7.71918726,134.00235915
7.51056285,133.70255136
7.77587609,133.78817634
7.78560681,133.73718375
7.67510181,133.97242506
7.71549964,134.07072372
7.53891616,134.15489218
7.5846854,133.84647204
7.6636238,134.01778111
7.67546959,133.96051074
7.52079301,134.09035499
7.5962557,133.65002593
7.73575135,133.81640856
7.69533364,133.85290321
7.74007019,134.18849031
7.48582821,133.78309349
7.65660039,133.66866272
7.46754514,133.95113871
7.50734678,133.66746745
7.75636649,134.21509379
7.67141843,133.60090675
7.53536253,133.63717149
7.77634345,134.18861653
7.71789113,133.6212289
7.80316952,133.78940377
7.65602752,133.96691894
7.50763079,133.89952256
7.67664596,133.98033158
7.68604806,134.03058693
7.68867441,133.86721007
7.79026473,133.8215739
7.49549696,133.97139518
7.52724546,134.14597288
7.76462481,134.07911143
7.66206887,133.74224995
7.64812024,134.11359126
7.53553127,134.02941336
7.62831185,133.93790933
7.80175657,133.80851668
7.73668908,133.96286723
7.64407984,133.76532835
7.79936082,134.01360388
7.51330613,134.04989752
7.47421662,133.87447503
7.56752578,133.7025872
7.58194566,133.73630671
7.61566561,133.86501104
7.78059783,134.10510063
7.56665975,133.60170957
7.63994263,133.8009843
7.58142389,133.61732348
7.66700186,134.02265388
7.77207292,133.91518136
7.6327969,134.03632587
7.47724544,134.033201
7.62696758,133.7012498
7.7004276,133.97609727
7.73505692,133.99197476
7.80990157,133.68977548
7.64899481,133.81099088
7.56556872,133.90757305
7.63952809,133.66920035
7.46622245,134.22175282
7.74175081,134.02270258
7.47953355,134.01002824
7.61224422,133.62617982
7.5175395,133.74358133
7.7579064,133.8873695
7.70474162,133.7630159
7.49170762,133.78192461
7.53019456,133.93864092
7.50479365,134.09303131
7.73547693,133.98452634
7.73729722,133.90212231
7.7556559,134.14021457
7.5937441,134.00760954
7.56437445,133.95428661
7.67418544,133.88456564
7.48961837,133.77977115
7.59846719,134.09457993
7.56233152,134.195282
7.64063781,134.07877621
7.47707359,134.21234513
7.7380456,133.72029126
7.80695848,133.8134431
7.48831313,133.83393861
7.79386852,133.76649405
7.7431156,133.98225955
7.70938341,133.91938998
7.4839963,133.79254766
7.62828829,134.07871382
7.75862384,134.16557719
7.5828774,133.97565526
7.65342156,133.69804992
7.69317004,134.0451446
7.69788725,133.71029804
7.55162418,133.60242172
7.5424944,133.89584177
7.68821168,133.66345857
7.69685101,134.07003072
7.70486253,133.98309369
7.50580534,134.06587708
7.65863911,133.7291318
7.58206183,133.7635954
7.49930663,133.87383699
7.74464144,133.96257608
7.79264853,133.9967586
7.75455031,134.12226843
7.7763366,133.82066905
7.64731385,133.92447202
7.6749869,133.99360383
7.5792783,134.01536933
7.68516394,134.01621338
7.68977282,133.59987135
7.79953059,133.73278061
7.50712365,134.10174484
7.51288679,134.22415763
7.50329234,134.03078244
7.60550504,133.79432945
7.56919591,133.85445011
7.73103771,134.13228423
7.70347431,133.77461837
7.58839824,133.93496367
7.77735654,133.87189992
7.79050439,133.97312909
7.51997735,134.14976348
7.68879686,133.7705765
7.76188268,133.75338935
7.74671138,133.64269107
7.59770867,133.76824222
7.74335761,133.78664165
7.66141691,133.75369481
7.79258461,133.86868507
7.49598721,134.02882425
7.6183283,134.2005126
7.51829791,133.68345792
7.63700092,133.75034932
7.72797379,134.02923351
7.4769021,133.66180884
7.50314992,134.04871836
7.60780534,133.72079334
7.5011998,133.6139597
7.62030109,134.06460985
7.75854833,133.98405894
7.67488804,134.09045533
7.61860354,133.99458413
7.73587227,133.92873514
7.62660625,134.18766563
7.51826389,133.60769046
7.70210486,134.14093877
7.53925742,133.76220455
7.53330535,134.19346794
7.53945412,134.194166
7.59144671,134.03078474
7.69601776,134.09286784
7.68588118,133.82652016
7.51621729,133.78099679
7.48087849,133.67133118
7.60018656,133.87421375
7.51208249,133.66808763
7.4935262,133.85796491
7.62668305,134.0972417
7.79320623,133.76709969
7.47219978,133.736973
7.54480161,133.61374415
7.67422569,134.16383956
7.53463367,133.72314983
7.55319016,133.87682565
7.50365501,133.95970539
7.77887563,133.98244213
7.67558372,134.11930089
7.76316577,134.13189983
7.76807378,133.93381998
7.78117822,134.09771898
7.69967528,133.93189677
7.79815633,134.13383888
7.5757761,133.90593502
7.77705539,134.00117492
7.53403477,133.66210047
7.70070616,134.09195397
7.67976734,134.04121813
7.77292509,134.06305776
7.6552315,134.23861689
7.50679716,133.76720149
7.66338109,134.01716709
7.55677844,134.12371987
7.72560884,133.80904359
7.65479303,133.61033997
7.72598771,133.89106398
7.60483721,133.62180313
7.68190842,134.00493641
7.77222312,133.92116277
7.5176367,133.91056596
7.48711931,133.62402563
7.58521761,133.8680152
7.6288178,133.59875555
7.7529336,134.01281016
7.54357775,134.12748324
7.7725634,134.22346969
7.70518933,133.92784341
7.6616512,134.14448195
7.80640822,134.04967086
7.792445,134.08046629
7.51378735,134.21034437
7.62920172,133.6213335
7.72062786,133.84352731
7.63621501,133.92801247
7.8077561,133.96312562
7.64118872,133.68144112
7.46903128,134.21614339
7.50997266,133.64335573
7.47266676,134.10492797
7.4981846,133.7151596
7.5883978,133.65219368
7.61821062,134.11201381
7.67377164,134.03263411
7.75588895,134.02478302
7.61720595,134.14307443
7.78702106,133.88510405
7.64707855,133.67653462
7.66602378,133.77897302
7.73748918,133.82236419
7.63165811,133.84524871
7.46945458,133.70622936
7.78305821,133.67600517
7.59021273,134.06681635
7.77804787,134.14500329
7.48783976,133.86592473
7.58713084,134.10010572
7.71139641,134.20963375
7.70129228,133.69276992
7.5884436,133.72300375
7.55194506,134.13010387
7.55724667,133.99541577
7.66621673,134.21264482
7.57285774,133.87489527
7.47450053,134.14318473
7.76971267,133.68102864
7.63486414,133.6121634
7.56098863,134.10422719
7.78020738,133.78107749
7.5378127,134.05720208
7.65809918,133.87800611
7.73655171,133.59922933
7.55026595,133.85442447
7.64791625,133.92424551
7.54131825,133.91848225
7.64716193,133.91221447
7.75363161,134.1440353
7.48915266,134.05828158
7.78919187,133.95445061
7.76755023,133.91615048
7.68231899,134.07632978
7.78467857,133.80938785
7.79289695,134.00565383
7.49334472,133.78217816
7.79608457,133.81860933
7.53876857,134.01769484
7.63518621,134.07744615
7.52697541,134.1254702
7.69948997,133.61531943
7.54342011,133.83934553
7.78813244,133.86971559
7.74538516,134.21251435
7.46709288,133.8718078
7.72934656,134.19827677
7.7119452,133.89291751
7.74770173,133.76894893
7.66007178,134.18555527
7.48513598,133.85497701
7.68100488,133.95090777
7.68936964,133.75841355
7.70328171,134.03105789
7.6343095,133.95941952
7.56276813,134.10012113
7.73219314,133.98673408
7.72920362,133.72731693
7.58644449,133.65434839
7.53662824,133.84773629
7.6405059,134.12099508
7.67354615,134.01368098
7.79681495,133.88508111
7.68124849,133.82441737
7.6949398,133.68723285
7.73506439,133.92256863
7.57345795,133.94510953
7.78328737,134.19272156
7.71723437,133.64135859
7.70179129,134.11633617
7.53408708,134.06219311
7.74750298,133.8129155
7.55091034,133.68037098
7.74727751,133.93590893
7.68209362,134.01064961
7.53795823,134.1491825
7.57376165,133.90110377
7.66136768,133.74903995
7.58537048,133.90399312
7.48803346,133.93350631
7.56258898,134.23570122
7.77865951,133.65216478
7.63503855,134.08384463
7.47723263,133.6004066
7.63866999,133.82134268
7.53036142,134.20978687
7.5878077,133.72151529
7.80878714,133.84284364
7.73738537,134.02753689
7.79282031,134.09546506
7.58042288,133.78978603
7.60746521,134.01357423
7.72789159,134.07284541
7.59986421,134.15366717
7.63497212,133.83087465
7.57048855,133.76718479
7.55012451,133.60529736
7.72278487,134.13895579
7.58264344,133.83223207
7.66450889,134.00079657
7.62409035,133.76766321
7.63301963,134.0492536
7.75790956,134.23489988
7.68437043,134.00747083
7.55352423,133.91781261
7.60686371,133.85093502
7.64552398,134.20630109
7.47273014,133.95699399
7.63282591,134.18784582
7.61846226,133.64494165
7.64265619,134.19267462
7.55935158,133.66248047
7.50690354,133.69580571
7.53381731,133.71322017
7.74538271,133.86936874
7.5224683,133.85417708
7.6428445,133.65336233
7.5414453,134.23901927
7.63399834,134.21900768
7.47154867,134.15332238
7.58530198,133.99425763
7.56491083,134.12482239
7.67740288,133.73199784
7.52031811,134.20841582
7.69407488,134.04751863
7.49375412,134.03925303
7.54714725,133.74681636
7.50824769,133.90002387
7.79148203,133.96505356
7.67729185,133.92214923
7.65906519,133.79546697
7.75498353,134.21555129
7.76588892,133.86993962
7.63711939,133.73579675
7.76166727,134.1234602
7.63646761,133.91485754
7.78334429,133.86015169
7.61190804,134.17245072
7.50095719,133.64869571
7.80116612,133.89396283
7.78660816,133.98818125
7.63600307,133.92487641
7.63932914,133.62542157
7.71998906,133.76990842
7.70326061,133.62835293
7.75867246,133.98639729
7.57120531,134.21131245
7.58204531,133.8303306
7.55175661,134.09646208
7.80020574,134.02454408
7.69157612,134.1595328
7.75544108,134.20820219
7.68113865,133.88011691
7.58292432,134.06678777
7.80813526,133.81229525
7.52922075,134.15099808
7.63673995,133.65140261
7.59404163,133.98961779
7.46890233,134.1834792
7.73310417,133.85929639
7.77623799,133.8429516
7.63428461,134.15889088
7.67820495,133.88564936
7.80087125,133.79239805
7.47812514,133.80052855
7.64794532,133.99390289
7.51269314,134.16133551
7.79992949,133.81248386
7.56564763,133.76261979
7.51903691,133.59857092
7.71402147,133.7124878
7.73254825,133.7705045
7.68392646,134.13296601
7.52047851,133.75850062
7.5702629,133.63982013
7.48859165,133.73083434
7.67661241,133.77477869
7.530397,133.72735643
7.49173777,134.16784063
7.77284134,133.66760271
7.74060054,133.84269384
7.56766058,133.66046963
7.55368407,134.02936583
7.79070663,133.73379798
7.48803803,133.75218447